1 0.707113 0.8196439999999999 0.0551098 0.185283
1 0.40487199999999995 0.838355 0.0524596 0.18086
1 0.463679 0.848554 0.0506077 0.171788
1 0.59244 0.839155 0.0524019 0.180307
1 0.291015 0.819137 0.0516051 0.176154
1 0.5349429999999998 0.849568 0.0535315 0.173709
1 0.6488220000000001 0.829645 0.0510315 0.175821
1 0.23055446708463948 0.8150470219435738 0.04672805642633225 0.17554858934169273
1 0.3491379310344827 0.8338557993730408 0.04584639498432594 0.17868338557993724
1 0.7635188087774293 0.8181818181818181 0.0511363636363636 0.19122257053291533
