1 0.739138 0.273694 0.0347689 0.0941642
1 0.329586 0.607688 0.0360712 0.0932477
1 0.329291 0.44490999999999997 0.0366952 0.09291789999999998
1 0.533607 0.275264 0.0318659 0.0922402
1 0.33020099999999997 0.27370200000000006 0.034758 0.09328430000000001
1 0.123368 0.4440410000000001 0.0340361 0.09111980000000001
1 0.5336500000000001 0.611018 0.032112 0.093739
1 0.123254 0.276134 0.0338136 0.0917
1 0.533917 0.4444159999999999 0.0323533 0.0883234
1 0.123223 0.609582 0.0364679 0.09280229999999999
1 0.7393519999999999 0.444174 0.0370558 0.09373680000000001
