1 0.0789192 0.273208 0.0365299 0.09557940000000001
1 0.694276 0.273764 0.03338 0.09392899999999998
1 0.0791473 0.6089619999999999 0.0359465 0.0955798
1 0.282643 0.276409 0.0313843 0.09295429999999999
1 0.693904 0.444919 0.0341122 0.09249590000000002
1 0.282046 0.44572900000000004 0.0335107 0.09396140000000001
1 0.325802 0.883299 0.0370547 0.0980401
1 0.488741 0.445663 0.0342629 0.09646539999999999
1 0.2826969999999999 0.885952 0.0371145 0.0935204
1 0.159391 0.8839629999999999 0.0391634 0.0975687
