1 0.739168 0.273708 0.0347411 0.09405749999999999
1 0.32903 0.44475699999999996 0.0367993 0.0927869
1 0.32952800000000004 0.607735 0.035836 0.0929293
1 0.12342 0.443978 0.0340506 0.0909733
1 0.5336710000000001 0.611296 0.0320591 0.09318030000000001
1 0.533612 0.275284 0.0320898 0.0919124
1 0.123049 0.276152 0.0331809 0.0915853
1 0.330326 0.273684 0.0341195 0.0929143
1 0.533749 0.4443770000000001 0.0323711 0.0875936
1 0.739223 0.44393799999999994 0.0368383 0.09331329999999999
1 0.12354700000000002 0.6101629999999999 0.0360015 0.09216540000000001
