1 0.7390740000000001 0.273668 0.0348078 0.0942273
1 0.329607 0.6076630000000001 0.0359767 0.0933719
1 0.329328 0.44490699999999994 0.0366009 0.0929489
1 0.53359 0.275259 0.0318159 0.09229409999999999
1 0.330229 0.273699 0.0346904 0.0931502
1 0.123361 0.44405600000000006 0.0340512 0.0911095
1 0.5336690000000001 0.611044 0.03209 0.0937615
1 0.12322700000000002 0.276148 0.033765 0.0916852
1 0.5339 0.4444199999999999 0.0323919 0.0881629
1 0.12319199999999998 0.609638 0.0364989 0.09276659999999999
1 0.738735 0.444267 0.0353169 0.0919422
