1 0.7073620000000002 0.818675 0.0545132 0.182915
1 0.40481 0.837058 0.05275309999999999 0.183005
1 0.464108 0.8486160000000001 0.0496534 0.170294
1 0.34720699999999993 0.8283049999999998 0.0541621 0.175751
1 0.534927 0.8484840000000001 0.0534123 0.173522
1 0.650746 0.828643 0.05080130000000001 0.170636
1 0.7661590000000001 0.811397 0.0529825 0.17988799999999996
1 0.592748 0.8377940000000001 0.0527077 0.179634
1 0.29126799999999997 0.818869 0.0524676 0.179383
1 0.23584443573667704 0.8181818181818181 0.050254702194357355 0.19122257053291533
