1 0.694237 0.27507799999999993 0.0311176 0.0941996
1 0.69435 0.44397300000000006 0.0320738 0.091517
1 0.0783643 0.274126 0.0345284 0.0933738
1 0.283352 0.8860439999999999 0.0366309 0.0969153
1 0.0799006 0.609198 0.0343208 0.09259080000000001
1 0.284977 0.6089249999999999 0.0364411 0.09559230000000002
1 0.282901 0.275058 0.032673 0.09357359999999999
1 0.48834399999999994 0.4428059999999999 0.0336119 0.08759509999999998
1 0.24318600000000004 0.88603 0.0370989 0.0945251
1 0.490005 0.274593 0.0349285 0.093145
