1 0.739086 0.273639 0.0346383 0.0940671
1 0.329422 0.60782 0.0356297 0.0931581
1 0.329084 0.444853 0.0366384 0.0928243
1 0.12332699999999999 0.444041 0.0338517 0.0909203
1 0.122998 0.27610500000000004 0.0331822 0.0917106
1 0.533438 0.275274 0.0319113 0.0920465
1 0.5335909999999999 0.61121 0.0319841 0.0933687
1 0.330252 0.273619 0.0343116 0.0930637
1 0.5337219999999999 0.44415999999999994 0.0323055 0.08751950000000001
1 0.738708 0.444194 0.035056 0.0916535
1 0.123318 0.6100040000000001 0.0359826 0.0925078
