1 0.36116599999999993 0.419019 0.0450061 0.138797
1 0.572551 0.41855799999999993 0.042969 0.137284
1 0.7834020000000002 0.41856299999999996 0.0438639 0.136554
1 0.7829359999999999 0.581602 0.0436019 0.141354
1 0.362507 0.582109 0.046528299999999995 0.141986
1 0.5729470000000001 0.25396 0.04470140000000001 0.137424
1 0.7827249999999999 0.253651 0.04389560000000001 0.143849
1 0.5727340000000001 0.5804590000000001 0.0449848 0.13936
1 0.361009 0.25221 0.045034099999999994 0.143896
1 0.7832859999999999 0.737332 0.0499525 0.15702
1 0.572228 0.7362489999999999 0.0510234 0.158226
