1 0.73913 0.273682 0.0347719 0.0941899
1 0.32958999999999994 0.607677 0.0360678 0.0932703
1 0.32927599999999996 0.444918 0.0367193 0.09294600000000001
1 0.533607 0.27527 0.0318584 0.0922485
1 0.33019999999999994 0.273693 0.0347526 0.0932878
1 0.123381 0.444046 0.0340601 0.0911421
1 0.5336470000000001 0.611016 0.03212 0.09375459999999998
1 0.123253 0.276129 0.0338031 0.0916981
1 0.533918 0.44439 0.032365 0.0883403
1 0.123232 0.6095870000000001 0.0364606 0.09280369999999999
1 0.739336 0.4441399999999999 0.0370481 0.093637
