1 0.361158 0.418999 0.0450172 0.138767
1 0.572557 0.41855900000000007 0.0429849 0.137287
1 0.783401 0.418562 0.0438695 0.13655
1 0.782935 0.5816059999999998 0.0436008 0.141364
1 0.362507 0.582116 0.046537699999999994 0.141982
1 0.572945 0.253963 0.044700800000000006 0.13743
1 0.7827260000000001 0.25364999999999993 0.0438955 0.143854
1 0.572736 0.580464 0.0449956 0.139367
1 0.361008 0.252221 0.0450386 0.143929
1 0.783284 0.737342 0.0499483 0.157003
1 0.572228 0.7362529999999999 0.0510262 0.158164
