1 0.7073620000000002 0.818683 0.0545109 0.182902
1 0.404812 0.837054 0.0527508 0.183013
1 0.464107 0.848614 0.049653 0.17029700000000003
1 0.34720699999999993 0.8283040000000002 0.0541622 0.17575700000000002
1 0.5349279999999998 0.8484860000000001 0.053414 0.173521
1 0.650747 0.828645 0.0508066 0.170639
1 0.766162 0.811396 0.0529774 0.179883
1 0.592749 0.8377940000000001 0.0527037 0.179628
1 0.29126799999999997 0.818863 0.0524714 0.179393
1 0.22790948275862064 0.8072100313479623 0.060834639498432604 0.18808777429467086
