1 0.739127 0.273689 0.0347666 0.0941821
1 0.32958999999999994 0.607693 0.0360578 0.0932678
1 0.329281 0.444923 0.0367096 0.0929487
1 0.533602 0.275272 0.0318543 0.09222009999999999
1 0.12337999999999999 0.44404899999999997 0.0340468 0.091126
1 0.33019800000000005 0.273691 0.0347531 0.09329329999999998
1 0.533643 0.611041 0.0321059 0.0937488
1 0.123248 0.276132 0.0337875 0.0916881
1 0.533907 0.444401 0.0323614 0.088305
1 0.739337 0.44404499999999997 0.0370735 0.09345319999999999
1 0.12324599999999998 0.6096279999999998 0.0363927 0.0927534
