1 0.487641 0.443993 0.0353248 0.0914527
1 0.693942 0.443707 0.032778 0.0908344
1 0.0796652 0.608709 0.0350462 0.0930481
1 0.6941240000000001 0.274767 0.031612 0.09451329999999998
1 0.07854409999999999 0.274256 0.0351786 0.09336590000000002
1 0.284623 0.608954 0.0360187 0.0956978
1 0.367328 0.88732 0.0376643 0.10134
1 0.282906 0.886369 0.0367584 0.0955054
1 0.282588 0.443209 0.0331992 0.0898554
1 0.283182 0.27728 0.0329338 0.09504390000000001
1 0.489021 0.275699 0.0340601 0.0913091
1 0.0791468 0.442581 0.0368966 0.0892051
