1 0.32933100000000004 0.444743 0.0367605 0.0927674
1 0.32952 0.607613 0.0360603 0.09344230000000002
1 0.7389840000000001 0.273853 0.0346602 0.09379889999999999
1 0.123353 0.44408100000000006 0.0341116 0.0911271
1 0.330195 0.27355 0.0347317 0.0935268
1 0.533638 0.275324 0.0319114 0.0923991
1 0.12319299999999998 0.276247 0.0337774 0.0916287
1 0.533661 0.611219 0.0320564 0.0935789
1 0.533513 0.444726 0.0323968 0.0871052
1 0.123449 0.609843 0.0361672 0.0924385
1 0.7386800000000001 0.4442189999999999 0.0351813 0.09164750000000002
