1 0.739075 0.273662 0.0348054 0.0942391
1 0.32959900000000003 0.6076469999999999 0.0359854 0.0934029
1 0.32931699999999997 0.4449080000000001 0.036614 0.0929613
1 0.533592 0.275262 0.0318186 0.0922825
1 0.33022999999999997 0.273698 0.034684 0.0931484
1 0.123365 0.444056 0.0340544 0.0911187
1 0.533669 0.6110369999999999 0.0320963 0.0937566
1 0.123233 0.276152 0.0337763 0.09168890000000002
1 0.5339059999999999 0.44442 0.0324002 0.08816799999999998
1 0.123181 0.609636 0.0364903 0.0927538
1 0.7392880000000001 0.44410000000000005 0.0370285 0.0934394
