1 0.7390770000000001 0.27366399999999996 0.0348078 0.09423069999999999
1 0.329328 0.44490699999999994 0.0366102 0.0929611
1 0.329594 0.607659 0.0359566 0.0933404
1 0.533591 0.27525800000000006 0.0318216 0.0922906
1 0.330227 0.273694 0.034699 0.0931576
1 0.12335800000000001 0.44404799999999994 0.0340528 0.0911214
1 0.533677 0.611051 0.0320828 0.0937279
1 0.123234 0.27614399999999995 0.0337782 0.0916873
1 0.533908 0.4444179999999999 0.0324144 0.0881943
1 0.7392849999999999 0.444099 0.037017 0.0934369
1 0.123164 0.609625 0.0364852 0.09269120000000002
1 0.739924 0.608059 0.0370041 0.091444
