1 0.7072800000000001 0.819069 0.055056799999999996 0.182799
1 0.404891 0.837389 0.05260879999999999 0.18241699999999997
1 0.463971 0.8487710000000002 0.04984920000000001 0.17008799999999996
1 0.34710699999999994 0.82789 0.0542945 0.175743
1 0.5348140000000001 0.848613 0.0536682 0.173668
1 0.650711 0.828436 0.0505608 0.169967
1 0.766095 0.811591 0.0530941 0.18023299999999998
1 0.592799 0.837714 0.0523756 0.179587
1 0.29121600000000003 0.818682 0.0523102 0.17955500000000002
1 0.23011363636363633 0.8064263322884012 0.059952978056426326 0.18965517241379304
