1 0.7390349999999999 0.27368 0.0346067 0.0941028
1 0.329428 0.6080570000000001 0.0356895 0.0928072
1 0.32907600000000004 0.444833 0.0366787 0.092802
1 0.12332800000000001 0.4440410000000001 0.0338633 0.0909277
1 0.533539 0.6111010000000001 0.0319328 0.0933821
1 0.122986 0.276092 0.0331377 0.0916479
1 0.533493 0.275253 0.0319753 0.0919226
1 0.33024300000000006 0.2735890000000001 0.0343095 0.0930989
1 0.533767 0.44414000000000003 0.0324172 0.0876278
1 0.7387100000000001 0.44419 0.035105 0.09165669999999998
1 0.12330199999999998 0.609959 0.0360037 0.0926155
