1 0.7391749999999999 0.273743 0.0347759 0.0941202
1 0.329621 0.607753 0.0359657 0.0933112
1 0.329264 0.444836 0.0366327 0.09288630000000002
1 0.330242 0.273576 0.0347215 0.0934102
1 0.123414 0.44394300000000003 0.0342101 0.0908239
1 0.533602 0.27521899999999994 0.0320375 0.0924936
1 0.533697 0.61106 0.0321292 0.0939222
1 0.12317300000000002 0.276167 0.0336033 0.091712
1 0.533826 0.44454800000000005 0.0323009 0.0877841
1 0.123269 0.609685 0.0364359 0.0926754
1 0.7394 0.44410400000000005 0.0370171 0.0933046
