1 0.739104 0.273688 0.0345163 0.09396279999999999
1 0.329421 0.607846 0.0356076 0.09278939999999998
1 0.329045 0.44484899999999994 0.0366309 0.093072
1 0.12319 0.443307 0.0343048 0.09180349999999998
1 0.533639 0.611076 0.0319375 0.0934384
1 0.12300499999999999 0.27607 0.0332537 0.09160560000000001
1 0.5335070000000001 0.27528199999999997 0.0319914 0.0918881
1 0.330209 0.273538 0.0343545 0.0930955
1 0.533855 0.444209 0.0323223 0.0878645
1 0.739252 0.44406899999999994 0.036793 0.0932735
1 0.123308 0.61 0.0360043 0.09225960000000001
