1 0.079344 0.60917 0.0352462 0.0944561
1 0.694275 0.275039 0.0315186 0.0940126
1 0.48794899999999997 0.4442359999999999 0.0352063 0.0910971
1 0.284869 0.609268 0.0358962 0.09615210000000002
1 0.0781688 0.274189 0.0351773 0.0938009
1 0.40614799999999995 0.88441 0.0386124 0.09731
1 0.693834 0.444092 0.0323299 0.09140220000000002
1 0.0786872 0.44388800000000006 0.0380191 0.09172739999999999
1 0.283298 0.886097 0.036802 0.0956826
1 0.48991599999999996 0.27449 0.0340154 0.0936921
1 0.243588 0.884842 0.0363278 0.09363640000000001
