1 0.7391300000000001 0.27369 0.0347962 0.0941794
1 0.329581 0.6076699999999999 0.0360743 0.0932649
1 0.329298 0.444922 0.0367308 0.0929576
1 0.330117 0.27374299999999996 0.0346706 0.09293619999999998
1 0.533606 0.275263 0.0318466 0.0922424
1 0.123376 0.44404499999999997 0.0340584 0.091137
1 0.533637 0.6110069999999999 0.0321298 0.0937646
1 0.123255 0.27614000000000005 0.0338232 0.0917258
1 0.533921 0.44439 0.0323464 0.0883135
1 0.123226 0.609579 0.0364821 0.0927951
1 0.739342 0.4440799999999999 0.0370506 0.0934787
