1 0.739106 0.273693 0.0345224 0.0939601
1 0.32941899999999996 0.607848 0.0356081 0.0927784
1 0.329047 0.444856 0.0366283 0.0930757
1 0.12318299999999999 0.4432980000000001 0.0342973 0.0917975
1 0.53364 0.611073 0.0319375 0.09344939999999999
1 0.123011 0.27608 0.0332679 0.09160370000000001
1 0.533511 0.275288 0.0319958 0.0918825
1 0.330208 0.273545 0.0343651 0.0930863
1 0.533859 0.444204 0.0323385 0.0878665
1 0.739249 0.444071 0.0367948 0.0932672
1 0.123304 0.6099929999999999 0.0360211 0.0922666
