1 0.0793599 0.609139 0.0352064 0.0944932
1 0.6943459999999999 0.274827 0.0313912 0.09372439999999999
1 0.48788700000000007 0.444132 0.0351305 0.0910643
1 0.284886 0.609055 0.0358526 0.0959387
1 0.40614200000000006 0.884392 0.0386551 0.0973619
1 0.0786706 0.443912 0.0380045 0.0917418
1 0.07873009999999998 0.27443000000000006 0.0361282 0.0933053
1 0.282441 0.443093 0.0329941 0.0899556
1 0.283312 0.8860489999999999 0.0368588 0.0957303
1 0.6935670000000002 0.44335499999999994 0.0330484 0.09054330000000001
1 0.489902 0.274621 0.0339417 0.0934412
1 0.243564 0.8848739999999999 0.0363495 0.0938019
