1 0.7390830000000002 0.273637 0.034618 0.094061
1 0.32942199999999994 0.6078180000000001 0.0356239 0.0931578
1 0.329087 0.444845 0.0366337 0.0928048
1 0.123323 0.444041 0.0338452 0.0909213
1 0.122992 0.27610099999999993 0.0331716 0.0917001
1 0.533435 0.275274 0.0319045 0.0920429
1 0.533593 0.6112090000000001 0.0319874 0.0933525
1 0.33025099999999996 0.273616 0.034313 0.09305469999999999
1 0.533723 0.444158 0.0323082 0.0875122
1 0.7386859999999998 0.444208 0.0350113 0.0916614
1 0.12331399999999998 0.610007 0.035977 0.0924974
