1 0.329558 0.6078800000000001 0.0359189 0.0931475
1 0.32933 0.444902 0.0367795 0.0929513
1 0.7389110000000001 0.273874 0.0346073 0.0938592
1 0.123322 0.44404899999999997 0.0339473 0.0910129
1 0.533639 0.275269 0.0319759 0.0922543
1 0.33023100000000005 0.273591 0.0347076 0.0934295
1 0.12318200000000001 0.276286 0.0336437 0.0916563
1 0.533567 0.611007 0.0320401 0.0937419
1 0.533528 0.44455799999999995 0.0324398 0.0873494
1 0.123382 0.609557 0.0362781 0.09300499999999999
1 0.738706 0.444202 0.0352113 0.091625
