1 0.739291 0.273711 0.034562 0.0940393
1 0.123423 0.44420799999999994 0.0342879 0.09099059999999999
1 0.329206 0.444726 0.0361543 0.0927789
1 0.3293710000000001 0.607734 0.0357002 0.0928209
1 0.533619 0.611066 0.031845 0.0936718
1 0.533621 0.275255 0.0319585 0.0922161
1 0.330345 0.27361 0.0341603 0.093099
1 0.12311 0.27624099999999996 0.0335217 0.09156939999999998
1 0.5338590000000001 0.444331 0.0326672 0.0878199
1 0.123137 0.610268 0.0360907 0.0921265
1 0.738701 0.444206 0.0352498 0.09180070000000001
