1 0.782864 0.581402 0.0442795 0.142404
1 0.36180699999999993 0.41972100000000007 0.0436627 0.135851
1 0.7831249999999998 0.41752799999999995 0.0437775 0.136008
1 0.572837 0.25468 0.04413530000000001 0.138019
1 0.3622349999999999 0.581954 0.046528299999999995 0.14174
1 0.572305 0.41833700000000007 0.04473590000000001 0.136042
1 0.360948 0.25258200000000003 0.0443838 0.143693
1 0.5732630000000001 0.581485 0.0449106 0.14087
1 0.781785 0.25251 0.0447331 0.138151
1 0.7835989999999999 0.7373489999999999 0.0550865 0.161265
