1 0.329556 0.607883 0.0359206 0.0931426
1 0.32933 0.444899 0.0367762 0.0929465
1 0.738911 0.273871 0.0346095 0.0938663
1 0.12332400000000002 0.4440509999999999 0.0339478 0.0910085
1 0.3302399999999999 0.273592 0.0346936 0.093426
1 0.5336370000000001 0.275268 0.0319763 0.0922559
1 0.5335649999999998 0.611005 0.0320388 0.0937371
1 0.123175 0.276286 0.0336332 0.0916503
1 0.5335280000000001 0.44456100000000004 0.0324402 0.08734890000000001
1 0.123384 0.609556 0.0362746 0.09299759999999999
1 0.738707 0.44420299999999996 0.0352093 0.0916274
