1 0.0793658 0.6091540000000001 0.0352052 0.09454659999999998
1 0.48792 0.444207 0.0351251 0.0912327
1 0.284907 0.6090760000000001 0.035868 0.0959834
1 0.40612399999999993 0.884447 0.0386121 0.0973487
1 0.6939700000000001 0.272722 0.0315922 0.09410389999999999
1 0.0786607 0.443976 0.0380056 0.0918031
1 0.07865470000000001 0.274299 0.0361598 0.093192
1 0.28246000000000004 0.443262 0.0330326 0.0903
1 0.283273 0.886046 0.036844 0.0959028
1 0.693564 0.44329300000000005 0.0330436 0.090516
1 0.488977 0.275655 0.0341124 0.0918248
1 0.243536 0.8848199999999999 0.0363738 0.09388829999999998
