1 0.739105 0.273691 0.0345226 0.0939658
1 0.32941699999999996 0.607845 0.0356106 0.0927883
1 0.329045 0.444858 0.0366301 0.093082
1 0.123183 0.44329500000000005 0.0342977 0.0918011
1 0.533639 0.611073 0.031938 0.0934479
1 0.123007 0.276085 0.0332585 0.09161250000000001
1 0.5335110000000001 0.275286 0.0319937 0.0918831
1 0.33021 0.273544 0.0343597 0.0930937
1 0.533854 0.44421 0.0323244 0.087868
1 0.73925 0.444072 0.0367952 0.09326930000000001
1 0.12330299999999998 0.609993 0.0360195 0.09226649999999999
