1 0.7390769999999999 0.27366599999999996 0.0348107 0.09423569999999999
1 0.329321 0.44490999999999997 0.0366143 0.092964
1 0.329596 0.60765 0.035984 0.0933717
1 0.53359 0.275262 0.031816 0.0922785
1 0.33021899999999993 0.273693 0.03471 0.0931605
1 0.123362 0.444049 0.0340577 0.0911199
1 0.5336670000000001 0.6110409999999998 0.0320869 0.09373800000000002
1 0.123234 0.27614399999999995 0.0337791 0.09168890000000002
1 0.5339049999999999 0.44441900000000006 0.0324032 0.0881749
1 0.123171 0.609624 0.0364945 0.0927186
1 0.7387349999999999 0.444275 0.0353053 0.0919367
