1 0.707251 0.819122 0.055081899999999996 0.182719
1 0.40489400000000003 0.83738 0.0526112 0.182412
1 0.46397999999999995 0.8487659999999999 0.0498383 0.170104
1 0.3471080000000001 0.8279139999999999 0.0542889 0.17564
1 0.5348050000000001 0.848628 0.0536902 0.173675
1 0.650674 0.828437 0.0506461 0.170221
1 0.7661150000000001 0.8116 0.05304299999999999 0.180246
1 0.592821 0.837715 0.0523359 0.179608
1 0.291228 0.8186500000000001 0.0523273 0.179491
1 0.2340811128526645 0.8095611285266457 0.050254702194357355 0.18025078369905956
