1 0.739208 0.273916 0.034986 0.09413029999999999
1 0.32952800000000004 0.607633 0.0361229 0.0929476
1 0.32920900000000003 0.4449249999999999 0.0370012 0.09308
1 0.330227 0.273758 0.0348836 0.093238
1 0.12352799999999999 0.44399200000000005 0.0344364 0.0909355
1 0.533638 0.275441 0.0318233 0.0928133
1 0.5336 0.610944 0.0320891 0.0937315
1 0.12335900000000001 0.276281 0.0338269 0.0921044
1 0.533905 0.444816 0.0324921 0.087683
1 0.12305800000000001 0.609982 0.0366309 0.092607
1 0.739377 0.444114 0.0372326 0.09394399999999999
