1 0.3295890000000001 0.6078380000000001 0.0359845 0.0931019
1 0.7391160000000001 0.274082 0.0348571 0.0935043
1 0.32927600000000007 0.44481000000000004 0.0366238 0.0928019
1 0.330235 0.273585 0.0347466 0.0933903
1 0.533605 0.275219 0.0320725 0.092496
1 0.12340399999999999 0.443955 0.0342036 0.09084450000000001
1 0.533659 0.611034 0.0321093 0.09391259999999998
1 0.12319 0.276176 0.0336616 0.0917194
1 0.533822 0.444563 0.0323042 0.0877281
1 0.739405 0.44404400000000005 0.0370852 0.09340350000000001
1 0.12325999999999998 0.6096629999999998 0.0364807 0.09266049999999999
