1 0.739087 0.27364 0.0346378 0.0940639
1 0.32942 0.607817 0.0356317 0.09315940000000002
1 0.32908499999999996 0.444857 0.0366414 0.0928305
1 0.123322 0.44403299999999996 0.0338578 0.09092609999999998
1 0.5334400000000001 0.275282 0.0319165 0.0920514
1 0.122994 0.276118 0.0331776 0.0917059
1 0.5335890000000001 0.611209 0.0319885 0.0933743
1 0.33024499999999996 0.27362299999999995 0.0343341 0.0930692
1 0.533721 0.44416100000000003 0.0323111 0.0875239
1 0.738706 0.444191 0.035059 0.0916543
1 0.12331199999999999 0.609994 0.035996 0.0925179
