1 0.739086 0.273641 0.034633 0.0940585
1 0.329419 0.6078139999999999 0.035639 0.0931702
1 0.32908399999999993 0.44486 0.0366414 0.0928312
1 0.123323 0.444034 0.0338534 0.09092660000000001
1 0.533439 0.275282 0.0319182 0.0920466
1 0.12299199999999999 0.276118 0.033172 0.0917087
1 0.53359 0.611209 0.0319899 0.09337659999999999
1 0.330245 0.2736239999999999 0.0343274 0.09306779999999999
1 0.533722 0.444158 0.0323098 0.0875249
1 0.738707 0.44419200000000003 0.0350573 0.09165580000000001
1 0.12331299999999999 0.6099960000000001 0.0359782 0.0925207
