1 0.707363 0.818678 0.0545088 0.182904
1 0.404812 0.837058 0.0527509 0.183014
1 0.464106 0.8486109999999999 0.0496588 0.170299
1 0.347208 0.8283069999999999 0.0541602 0.175761
1 0.534927 0.848485 0.0534135 0.173519
1 0.650748 0.828644 0.0507992 0.170635
1 0.7661590000000001 0.8113960000000001 0.0529837 0.179892
1 0.5927469999999999 0.8377940000000001 0.0527067 0.17963300000000001
1 0.291269 0.818865 0.052468 0.17939800000000003
1 0.23055446708463945 0.8072100313479623 0.053781347962382424 0.1974921630094043
