1 0.0792377 0.608677 0.0355595 0.0944942
1 0.694413 0.274534 0.0313684 0.0943153
1 0.2848840000000001 0.608751 0.0361556 0.095993
1 0.487782 0.444009 0.0351177 0.09123660000000001
1 0.0780236 0.274229 0.0351669 0.0940241
1 0.40603900000000004 0.8844259999999999 0.0391056 0.0976496
1 0.0785801 0.443712 0.0378145 0.09129749999999999
1 0.282473 0.443599 0.0326002 0.0906112
1 0.693609 0.44345199999999996 0.0329872 0.090651
1 0.282931 0.8851590000000001 0.0361806 0.0961063
1 0.24339399999999997 0.8854860000000001 0.0367059 0.0937386
1 0.48985100000000004 0.274916 0.0338608 0.09349979999999998
1 0.367801 0.8850940000000002 0.0377813 0.0985801
