1 0.7391629999999999 0.27376100000000003 0.0347902 0.09411770000000001
1 0.3296 0.606293 0.0357609 0.0960282
1 0.3292590000000001 0.44483000000000006 0.036662 0.09285870000000002
1 0.33023899999999995 0.273586 0.0347384 0.0934064
1 0.12339700000000002 0.44394600000000006 0.0341955 0.090834
1 0.533601 0.275217 0.0320485 0.0925009
1 0.5336520000000001 0.611031 0.0320847 0.09389379999999999
1 0.12317399999999999 0.276167 0.0336285 0.09171619999999998
1 0.533819 0.44455999999999996 0.0323124 0.0877708
1 0.7394139999999999 0.444096 0.0370216 0.0932821
1 0.123223 0.609638 0.0364679 0.09260359999999998
