1 0.7390859999999999 0.273636 0.034639 0.0940723
1 0.329422 0.6078179999999999 0.0356269 0.0931633
1 0.329084 0.4448540000000001 0.036639 0.0928265
1 0.123326 0.44404200000000005 0.0338541 0.0909232
1 0.122992 0.276102 0.0331725 0.0917127
1 0.53344 0.275274 0.0319069 0.0920523
1 0.533591 0.611209 0.0319844 0.0933611
1 0.33025200000000005 0.273616 0.0343136 0.0930602
1 0.533723 0.444158 0.0323029 0.0875227
1 0.738707 0.44419200000000003 0.0350604 0.0916535
1 0.123317 0.610006 0.0359837 0.0925052
