1 0.329567 0.607884 0.0359009 0.0931447
1 0.32933200000000007 0.444895 0.0367767 0.0929356
1 0.738916 0.273869 0.0346104 0.093864
1 0.12332999999999998 0.444065 0.0339281 0.09102490000000002
1 0.533637 0.275266 0.0319807 0.0922597
1 0.33023899999999995 0.273591 0.0346885 0.09341939999999999
1 0.533565 0.6110069999999999 0.0320408 0.09373629999999998
1 0.12317899999999998 0.276295 0.0336369 0.0916648
1 0.5335339999999998 0.44456 0.0324291 0.08736890000000001
1 0.1234 0.609579 0.0362505 0.0929565
1 0.738706 0.444204 0.0352144 0.0916355
