1 0.0793192 0.6086230000000001 0.0355072 0.0948139
1 0.48782899999999996 0.444108 0.0352586 0.0914534
1 0.28444600000000003 0.608697 0.035758 0.0956268
1 0.693833 0.272705 0.0316306 0.0942478
1 0.07859970000000001 0.443824 0.0381637 0.09109099999999999
1 0.0787287 0.274458 0.0365165 0.0932621
1 0.282877 0.275074 0.0326843 0.0938207
1 0.693942 0.44307 0.0326839 0.0902361
1 0.48899499999999996 0.275704 0.034189 0.0915769
1 0.282999 0.886413 0.0365924 0.0945814
1 0.447786 0.8858409999999999 0.0400413 0.09447670000000001
1 0.367988 0.8848179999999999 0.0374557 0.09698829999999999
1 0.40597500000000003 0.8841079999999999 0.0377544 0.0957458
