1 0.0791256 0.607769 0.0362865 0.0944259
1 0.283757 0.434108 0.0356982 0.10763600000000001
1 0.28312800000000005 0.276212 0.0320689 0.0942886
1 0.0783086 0.778603 0.0377545 0.094282
1 0.694087 0.2750409999999999 0.0319714 0.0923566
1 0.0783714 0.4428 0.0365958 0.0934113
1 0.6935069999999999 0.443673 0.0333505 0.09018220000000002
1 0.282795 0.609843 0.0315078 0.0922361
1 0.16008 0.8840429999999999 0.0382348 0.09790000000000001
1 0.07926020000000002 0.274111 0.0362719 0.09357480000000001
1 0.48860499999999996 0.4427229999999999 0.0323324 0.0871579
