1 0.282325 0.77858 0.0315861 0.0925345
1 0.28380799999999995 0.4336420000000001 0.0352088 0.106705
1 0.28313 0.2762260000000001 0.0320444 0.09392379999999999
1 0.0785901 0.779004 0.0375189 0.0950514
1 0.488369 0.44367899999999993 0.0341377 0.08915579999999998
1 0.282684 0.6099 0.0321123 0.09232809999999998
1 0.077914 0.441769 0.0363848 0.0918591
1 0.693051 0.44330600000000003 0.0341501 0.0894902
1 0.48753499999999994 0.608024 0.0337688 0.0922755
1 0.693554 0.609297 0.0335487 0.0907844
1 0.0789123 0.274495 0.0362307 0.0935683
