1 0.282152 0.7785589999999999 0.0316144 0.0926769
1 0.282168 0.6110210000000001 0.0330439 0.0937202
1 0.2836989999999999 0.43399 0.0350496 0.107112
1 0.0783914 0.7788749999999999 0.0374719 0.094672
1 0.283283 0.276493 0.0308104 0.0929394
1 0.693089 0.44401900000000005 0.0339914 0.0893541
1 0.488383 0.44352499999999995 0.0338288 0.08900809999999999
1 0.0779909 0.441458 0.0358735 0.0910706
1 0.0788669 0.274396 0.036143 0.0932149
1 0.693524 0.609271 0.0334265 0.0909727
1 0.487874 0.6094539999999999 0.0342829 0.0918417
