1 0.0791688 0.608248 0.0356846 0.09390119999999999
1 0.28248700000000004 0.611108 0.0320358 0.0938514
1 0.0782793 0.778612 0.0373946 0.094887
1 0.6942049999999998 0.274792 0.0314292 0.0922769
1 0.48851600000000006 0.44400300000000004 0.0336498 0.0896454
1 0.0782848 0.442146 0.0364891 0.0921157
1 0.693214 0.443773 0.0334801 0.0895145
1 0.694271 0.60843 0.0330198 0.0924481
1 0.0792018 0.274343 0.035841 0.0932709
1 0.283769 0.43395199999999995 0.0341388 0.104268
1 0.48794899999999997 0.6089959999999999 0.0342487 0.0920297
