1 0.282159 0.778683 0.0319671 0.092218
1 0.283765 0.4332770000000001 0.0347622 0.10876800000000002
1 0.282456 0.6114689999999999 0.0331654 0.09440580000000001
1 0.283175 0.275898 0.0316668 0.09387550000000001
1 0.0786244 0.779119 0.0376483 0.0953344
1 0.48836399999999996 0.443459 0.0337982 0.08964500000000002
1 0.078312 0.4418389999999999 0.0362142 0.0917657
1 0.6932970000000002 0.443425 0.0339053 0.0894867
1 0.0791987 0.27390100000000006 0.0361553 0.0933957
1 0.693616 0.609258 0.0332035 0.0904485
1 0.48722100000000007 0.6078 0.0334228 0.0927741
