1 0.0792486 0.607777 0.0354995 0.0935047
1 0.694148 0.27466499999999994 0.0314711 0.09256959999999999
1 0.282944 0.275742 0.0315141 0.0928567
1 0.0785045 0.778692 0.0371604 0.0948805
1 0.48849300000000007 0.443485 0.0338451 0.0888883
1 0.6931910000000001 0.44390599999999997 0.0335066 0.0893574
1 0.0784618 0.442057 0.0367021 0.092386
1 0.6945379999999999 0.608908 0.0327774 0.0925467
1 0.282575 0.6099419999999999 0.0315328 0.0927648
1 0.0789684 0.274274 0.0361575 0.09405579999999998
1 0.2838589999999999 0.4332559999999999 0.0345473 0.104421
1 0.4882 0.609594 0.0338131 0.0913747
