1 0.281833 0.7788210000000001 0.0327461 0.0923696
1 0.283871 0.43369100000000005 0.0348261 0.10665200000000001
1 0.28283 0.27605 0.0315196 0.0929258
1 0.0785794 0.779086 0.0373519 0.09504529999999999
1 0.28212700000000007 0.610383 0.0326091 0.0932626
1 0.48835999999999996 0.443737 0.0334957 0.08954789999999999
1 0.4060039999999999 0.8841529999999999 0.0385001 0.0987623
1 0.0783053 0.4419310000000001 0.0361695 0.09109530000000002
1 0.48753599999999997 0.6077980000000001 0.0336147 0.0924827
1 0.6936689999999999 0.609245 0.033293 0.09102440000000002
1 0.15940299999999996 0.884765 0.0378876 0.0970798
