1 0.282297 0.778597 0.0316444 0.09256009999999999
1 0.283936 0.43360199999999993 0.0354021 0.10668099999999998
1 0.283105 0.27624300000000007 0.0320353 0.0939077
1 0.0786157 0.7789969999999999 0.0374555 0.0950282
1 0.0779948 0.442022 0.036555 0.0920854
1 0.282686 0.609928 0.0320859 0.0924356
1 0.6933 0.443683 0.0337811 0.09011719999999998
1 0.48749500000000007 0.607993 0.0338432 0.0923742
1 0.693613 0.609305 0.0335048 0.0908308
1 0.0789279 0.274254 0.0362417 0.0933639
1 0.4885729999999999 0.442769 0.032648 0.0871485
