1 0.282452 0.610959 0.0323568 0.0936011
1 0.0794186 0.607512 0.0352238 0.0941494
1 0.283767 0.434639 0.0345359 0.10632800000000002
1 0.6941739999999998 0.274747 0.0310223 0.0921336
1 0.48831899999999995 0.44345400000000007 0.0337092 0.0891746
1 0.078783 0.7799869999999999 0.0366961 0.097533
1 0.6943610000000001 0.6082570000000002 0.0326464 0.0924728
1 0.6932130000000001 0.44338 0.0336617 0.0889711
1 0.0784653 0.44185800000000003 0.0361505 0.09155059999999998
1 0.0788862 0.274201 0.0358667 0.0940369
1 0.487899 0.609413 0.0339412 0.0920677
