1 0.283891 0.43353300000000006 0.0347264 0.107551
1 0.2823260000000001 0.610689 0.0326831 0.0934814
1 0.28311800000000004 0.276275 0.0319151 0.0938309
1 0.282525 0.778025 0.0311124 0.0900018
1 0.0783885 0.779011 0.0374672 0.09499819999999999
1 0.48834099999999997 0.4435509999999999 0.0337439 0.0894059
1 0.693325 0.44394400000000006 0.0332452 0.0889601
1 0.6935799999999999 0.6092480000000001 0.0333467 0.0905755
1 0.0793264 0.274065 0.0359586 0.09377010000000001
1 0.488118 0.6091410000000002 0.0338123 0.09174569999999999
