1 0.28202800000000006 0.7784010000000001 0.031781 0.09212780000000001
1 0.283475 0.434196 0.0349763 0.107044
1 0.28229400000000004 0.611338 0.0331528 0.0941995
1 0.28298 0.275974 0.031666 0.0931672
1 0.0784683 0.779165 0.0372627 0.0952922
1 0.0781047 0.441654 0.0360625 0.0914001
1 0.693367 0.443714 0.033325 0.0881795
1 0.693591 0.609248 0.0332268 0.09094439999999998
1 0.4877830000000001 0.6095389999999999 0.0340752 0.0917714
1 0.0793497 0.274393 0.035987 0.093598
1 0.48688100000000006 0.26270200000000005 0.0359027 0.114795
1 0.48857800000000007 0.44281 0.032432 0.0873039
