1 0.0792523 0.607789 0.0355506 0.0935067
1 0.694135 0.274593 0.031482 0.0926805
1 0.2829499999999999 0.27573099999999995 0.0315663 0.0929033
1 0.0785136 0.7787040000000001 0.03715 0.0948551
1 0.0784845 0.442127 0.0367696 0.0924895
1 0.48848199999999997 0.443499 0.0338577 0.0889296
1 0.693142 0.44410499999999997 0.0334505 0.09001109999999998
1 0.282555 0.609997 0.03162 0.0929998
1 0.694203 0.6086480000000001 0.0335714 0.091173
1 0.07896769999999999 0.27426 0.0362037 0.0940944
1 0.2838669999999999 0.433322 0.0345851 0.10452200000000002
1 0.488196 0.6095970000000002 0.0338071 0.0913661
