1 0.0793539 0.6080049999999999 0.0356526 0.09469370000000002
1 0.284229 0.432934 0.0356856 0.109414
1 0.28320000000000006 0.276017 0.0320244 0.0939879
1 0.48824999999999996 0.443529 0.0334951 0.08984410000000001
1 0.6941289999999999 0.274827 0.0318695 0.0923333
1 0.282534 0.609959 0.0317674 0.0924879
1 0.0781341 0.44176699999999997 0.0359859 0.0915551
1 0.0791165 0.27435299999999996 0.0360467 0.0930651
1 0.6933410000000001 0.44406899999999994 0.0338658 0.08994969999999998
1 0.159966 0.8838500000000002 0.0388299 0.09722999999999998
