1 0.282183 0.778188 0.031415 0.0920649
1 0.283445 0.43410499999999996 0.0349002 0.106387
1 0.0785554 0.7789299999999999 0.0373012 0.0949826
1 0.48818799999999996 0.44376000000000004 0.0336397 0.0890981
1 0.078093 0.4419759999999999 0.0363908 0.091728
1 0.282295 0.610095 0.0325132 0.0931666
1 0.6928990000000002 0.44421000000000005 0.0339321 0.0888353
1 0.079061 0.27427 0.0361344 0.0936096
1 0.6935869999999998 0.609148 0.0332222 0.09091969999999999
1 0.48805099999999996 0.609367 0.0338568 0.0914607
