1 0.282156 0.77869 0.0319899 0.09222749999999999
1 0.2837720000000001 0.433266 0.0347732 0.10878
1 0.282447 0.611466 0.033193 0.0944202
1 0.283172 0.275879 0.0316837 0.0938626
1 0.0785998 0.779128 0.0376943 0.0953406
1 0.0783147 0.44184299999999993 0.0362222 0.0917763
1 0.48836799999999997 0.44345200000000007 0.0338013 0.0896033
1 0.6932990000000001 0.443443 0.0338835 0.0894108
1 0.0791959 0.273906 0.0361571 0.0933875
1 0.6936229999999999 0.609258 0.0331811 0.0904965
1 0.48726700000000006 0.6077660000000001 0.0334471 0.09279679999999998
