1 0.0794685 0.607919 0.0354927 0.0940123
1 0.0786076 0.7786739999999999 0.0372446 0.0948832
1 0.283079 0.275566 0.0318738 0.0931939
1 0.282791 0.610971 0.0317409 0.0936494
1 0.48849899999999996 0.4440359999999999 0.0336241 0.09017619999999998
1 0.694099 0.274475 0.0317987 0.09266310000000001
1 0.0783104 0.442611 0.0366217 0.09325650000000002
1 0.6945259999999999 0.608467 0.0332813 0.0927795
1 0.693472 0.443714 0.0335804 0.0897533
1 0.283747 0.43392100000000006 0.0343822 0.104667
1 0.0794464 0.27431300000000003 0.0360271 0.09365070000000002
1 0.487064 0.26236800000000005 0.0363102 0.115652
1 0.48805600000000005 0.609271 0.0340282 0.0916943
