1 0.282074 0.778185 0.0316582 0.092334
1 0.283039 0.27595 0.031876 0.0932319
1 0.28231699999999993 0.6113779999999999 0.0330065 0.0945087
1 0.0784159 0.7789710000000001 0.0373599 0.09493679999999999
1 0.28362099999999996 0.43235399999999996 0.0355976 0.10612499999999998
1 0.693448 0.444089 0.0330963 0.08919
1 0.48779000000000006 0.609048 0.033964 0.0919333
1 0.693572 0.6092400000000001 0.0333458 0.0905185
1 0.0793361 0.274067 0.0358493 0.0938839
1 0.48851 0.44317800000000007 0.0325804 0.0883016
1 0.0785226 0.44183500000000003 0.0354796 0.0896311
