1 0.0792807 0.60784 0.0358026 0.0941012
1 0.282629 0.611002 0.0323185 0.0938815
1 0.283653 0.4340629999999999 0.0345797 0.106792
1 0.0784151 0.7788540000000002 0.0375102 0.0953935
1 0.28302099999999997 0.27567300000000006 0.0319361 0.0938608
1 0.694345 0.274847 0.0316273 0.0921664
1 0.488195 0.4438289999999999 0.0334827 0.09023589999999998
1 0.693506 0.443608 0.033604 0.0901202
1 0.6941719999999999 0.608183 0.0337515 0.0917516
1 0.0792274 0.274437 0.0360796 0.09370470000000002
1 0.48808300000000004 0.6093519999999999 0.0337999 0.09166460000000001
