1 0.0784329 0.7788330000000001 0.0373175 0.0952251
1 0.0795514 0.607682 0.0345167 0.0926894
1 0.283902 0.4339700000000001 0.0351824 0.10607700000000002
1 0.6942469999999998 0.274551 0.031026100000000004 0.0921817
1 0.282444 0.610175 0.0322223 0.09297380000000001
1 0.0786708 0.44175799999999993 0.0365219 0.0912082
1 0.694148 0.6084569999999999 0.0332837 0.0913805
1 0.078878 0.274129 0.0359842 0.09393329999999998
1 0.487994 0.609615 0.0338577 0.0916355
1 0.488569 0.4425299999999999 0.0322725 0.08677859999999998
