1 0.282277 0.7785639999999999 0.0318273 0.092337
1 0.283749 0.433854 0.0349845 0.106853
1 0.283117 0.276214 0.0320203 0.0939139
1 0.282494 0.611545 0.0331391 0.0945702
1 0.0786092 0.7789999999999999 0.0375074 0.0950671
1 0.48832000000000003 0.44377099999999997 0.0339602 0.0892625
1 0.0779024 0.44176800000000005 0.036332 0.09185280000000001
1 0.6930620000000001 0.443239 0.0341443 0.0893877
1 0.693521 0.609312 0.0335421 0.0908028
1 0.0789146 0.274488 0.0362414 0.09361259999999999
1 0.48747499999999994 0.60779 0.0335855 0.09266360000000001
