1 0.0792983 0.608264 0.035623 0.0947432
1 0.078513 0.77894 0.0378081 0.0949605
1 0.2837450000000001 0.43418099999999993 0.0345414 0.10644499999999998
1 0.28307 0.27611 0.0320794 0.09395210000000001
1 0.282739 0.610941 0.0321483 0.0931768
1 0.6940330000000001 0.274848 0.0316693 0.0918717
1 0.0783012 0.441944 0.0364596 0.09222060000000001
1 0.48841300000000004 0.443332 0.0333629 0.08870879999999999
1 0.69359 0.44351499999999994 0.0337204 0.0898785
1 0.0794006 0.27433299999999994 0.0362216 0.0933201
