1 0.282161 0.778652 0.0321545 0.0923967
1 0.07839420000000001 0.77899 0.037873 0.0951575
1 0.283617 0.433769 0.0348396 0.108111
1 0.282833 0.611468 0.032625 0.09398210000000001
1 0.0795833 0.607605 0.0345542 0.09297810000000001
1 0.488411 0.443744 0.0336035 0.0897166
1 0.0784038 0.44146799999999997 0.0364126 0.09144829999999998
1 0.28333 0.276268 0.03111 0.0927553
1 0.6931390000000001 0.44341299999999995 0.033658 0.0894389
1 0.693556 0.609281 0.0333738 0.0907071
1 0.48728399999999994 0.607697 0.0334955 0.0929227
1 0.486908 0.261723 0.0357447 0.11679200000000002
1 0.0790945 0.27392000000000005 0.0359828 0.0934488
