1 0.0794096 0.608001 0.0354664 0.0940968
1 0.28265000000000007 0.610958 0.0322733 0.0938544
1 0.0783695 0.7788290000000001 0.0375969 0.09512570000000001
1 0.282933 0.275435 0.0323135 0.0930589
1 0.6942450000000001 0.274735 0.0320047 0.0926147
1 0.488431 0.44409 0.0335876 0.0901915
1 0.0785338 0.4424890000000001 0.0367123 0.092896
1 0.6936530000000001 0.44363100000000005 0.0331046 0.0906389
1 0.283719 0.433667 0.0344312 0.105808
1 0.6941730000000002 0.6082710000000001 0.0336239 0.0914905
1 0.0788591 0.274911 0.0354036 0.0944938
1 0.48811400000000005 0.608991 0.0339579 0.0917328
