1 0.28225 0.7783900000000001 0.0320688 0.09188610000000001
1 0.282753 0.27603300000000003 0.030879599999999997 0.09304470000000001
1 0.283754 0.43416499999999997 0.0342454 0.106398
1 0.282484 0.611291 0.0329469 0.0939619
1 0.0787759 0.7787120000000001 0.0374504 0.0945272
1 0.488226 0.443485 0.0332998 0.0895669
1 0.0783831 0.4418520000000001 0.0360443 0.0918694
1 0.6934270000000001 0.44331699999999996 0.0335337 0.0891957
1 0.69356 0.609186 0.0334157 0.0907399
1 0.202308 0.883142 0.0378681 0.0988385
1 0.07955950000000002 0.274512 0.0358125 0.093094
1 0.487902 0.609323 0.0341045 0.0917712
