1 0.07911529999999999 0.6077270000000001 0.0362944 0.0943705
1 0.283778 0.434037 0.0352522 0.107471
1 0.283115 0.276092 0.0320169 0.0941688
1 0.0783015 0.778597 0.0377809 0.09426779999999998
1 0.694066 0.275028 0.0320478 0.09229720000000001
1 0.0782803 0.442119 0.0365347 0.09236499999999999
1 0.48858300000000005 0.4431399999999999 0.0338097 0.0892089
1 0.28277699999999995 0.6097290000000001 0.0315452 0.0921241
1 0.159996 0.8838609999999999 0.0383656 0.0981784
1 0.693403 0.44357199999999997 0.0335363 0.0902568
1 0.0792584 0.274026 0.0362915 0.0933567
