1 0.282259 0.7784799999999998 0.0318785 0.0921665
1 0.282532 0.611362 0.0326836 0.0938538
1 0.283613 0.433728 0.0344192 0.10800000000000001
1 0.0787127 0.77863 0.0371982 0.0942137
1 0.0782884 0.44258900000000007 0.0359593 0.0930479
1 0.202497 0.88397 0.0381606 0.09906169999999999
1 0.693987 0.607317 0.0333885 0.0923777
1 0.6934230000000001 0.44339200000000006 0.0331848 0.0884726
1 0.0792015 0.274888 0.0361194 0.09388170000000001
1 0.4885749999999999 0.44284199999999996 0.032217 0.08729009999999998
