1 0.28232599999999997 0.7784750000000001 0.0317281 0.09184470000000002
1 0.283712 0.43414700000000006 0.0341638 0.10683400000000001
1 0.28254200000000007 0.6112000000000001 0.0329214 0.0938092
1 0.0786673 0.778818 0.0376731 0.094752
1 0.488247 0.44364799999999993 0.0335065 0.0896861
1 0.282888 0.27437899999999993 0.030748100000000004 0.092598
1 0.07836919999999999 0.441862 0.0362629 0.091943
1 0.202394 0.8835960000000002 0.0380795 0.0984406
1 0.6934219999999999 0.443326 0.0335266 0.089542
1 0.6935489999999999 0.6093029999999999 0.0333631 0.0907557
1 0.48798 0.609394 0.0342093 0.0919105
