1 0.2821580000000001 0.7786899999999999 0.0319822 0.0922319
1 0.283766 0.433323 0.0348506 0.10879200000000001
1 0.28316700000000006 0.275864 0.0316369 0.093949
1 0.28247999999999995 0.6114980000000001 0.0331504 0.0944409
1 0.0786051 0.779112 0.0376814 0.0953623
1 0.0783193 0.4419600000000001 0.0362615 0.0919821
1 0.4883620000000001 0.443467 0.0338565 0.0897108
1 0.693275 0.443517 0.0338889 0.0895837
1 0.0792031 0.273934 0.0361887 0.0935206
1 0.693609 0.609319 0.0332222 0.0905449
1 0.487227 0.607834 0.0334134 0.0927519
