1 0.2822549999999999 0.778653 0.0320542 0.0925286
1 0.07852 0.778882 0.0375644 0.09455209999999999
1 0.282412 0.6111330000000001 0.0328816 0.0935837
1 0.28386799999999995 0.434054 0.0350468 0.107196
1 0.28314899999999993 0.276439 0.030858 0.09311629999999999
1 0.4884160000000001 0.44342099999999995 0.0336803 0.0891165
1 0.0781437 0.44164100000000006 0.035921 0.0914484
1 0.0789305 0.274551 0.0364384 0.0932289
1 0.20259799999999997 0.883866 0.0381724 0.09934080000000002
1 0.693134 0.44368100000000005 0.0342138 0.0901837
1 0.693574 0.609162 0.0335018 0.09070649999999998
1 0.48790200000000006 0.609494 0.0345139 0.0917472
