1 0.282259 0.778652 0.0320422 0.092534
1 0.0785176 0.778884 0.0375619 0.0945591
1 0.282421 0.611131 0.032838 0.09355910000000002
1 0.283928 0.434069 0.0349393 0.107214
1 0.28317100000000006 0.27645800000000004 0.030848500000000004 0.0931034
1 0.48842499999999994 0.44344600000000006 0.0336988 0.0891481
1 0.0781448 0.44162899999999994 0.0358898 0.0914159
1 0.693134 0.443692 0.0341977 0.0901694
1 0.202591 0.8838709999999999 0.0381673 0.0993374
1 0.0789408 0.274549 0.0364046 0.09322840000000002
1 0.6935699999999998 0.6091630000000001 0.0334909 0.0907375
1 0.48793499999999995 0.6094939999999999 0.0344303 0.09176120000000001
