1 0.07930940000000002 0.607949 0.0353173 0.0930327
1 0.0784571 0.778979 0.0372387 0.09520299999999998
1 0.6942750000000001 0.274806 0.0315888 0.0926005
1 0.488328 0.443575 0.0340487 0.0901186
1 0.694377 0.608233 0.0332734 0.09339919999999999
1 0.0784337 0.442239 0.0366882 0.092748
1 0.693617 0.44390299999999994 0.0334919 0.08949440000000002
1 0.282766 0.609797 0.0316229 0.0925234
1 0.159802 0.8835209999999999 0.0386689 0.0992788
1 0.0791356 0.274482 0.0360825 0.09326360000000002
1 0.487341 0.26204 0.0364819 0.116569
