1 0.282157 0.7786869999999999 0.0319831 0.0922034
1 0.283768 0.433271 0.0347665 0.108769
1 0.2824479999999999 0.611472 0.033193 0.0944204
1 0.283173 0.275876 0.0316695 0.0938537
1 0.0786043 0.779132 0.0376966 0.0953457
1 0.0783111 0.44184599999999996 0.0362265 0.0917808
1 0.488368 0.443455 0.0337999 0.0896176
1 0.6932970000000002 0.443444 0.0338881 0.0894566
1 0.079202 0.273906 0.0361611 0.0934193
1 0.6936189999999999 0.6092610000000002 0.0331882 0.0904873
1 0.48727999999999994 0.607778 0.0334633 0.0927741
