1 0.0793192 0.608623 0.0355072 0.0948139
1 0.487829 0.444108 0.0352586 0.0914534
1 0.284446 0.608697 0.035758 0.0956268
1 0.693833 0.272705 0.0316306 0.0942478
1 0.0785997 0.443824 0.0381637 0.091091
1 0.0787287 0.274458 0.0365165 0.0932621
1 0.282877 0.275074 0.0326843 0.0938207
1 0.693942 0.44307 0.0326839 0.0902361
1 0.488995 0.275704 0.034189 0.0915769
1 0.282999 0.886413 0.0365924 0.0945814
1 0.447786 0.885841 0.0400413 0.0944767
1 0.367988 0.884818 0.0374557 0.0969883
1 0.405975 0.884108 0.0377544 0.0957458
