1 0.0792477 0.608684 0.0355266 0.0944587
1 0.487802 0.444077 0.0351479 0.0914196
1 0.284895 0.608797 0.0360683 0.0959863
1 0.406042 0.884436 0.0390812 0.0976453
1 0.694044 0.272803 0.0317986 0.0946128
1 0.0785696 0.443817 0.0378393 0.0914143
1 0.282484 0.443682 0.0326102 0.090734
1 0.0784806 0.274335 0.0362101 0.0933503
1 0.693626 0.443459 0.0329407 0.0907967
1 0.28293 0.885145 0.0361857 0.0961249
1 0.243387 0.885493 0.0367291 0.0937864
1 0.488956 0.275492 0.0342249 0.0915174
1 0.367815 0.885128 0.0377652 0.0985874
