1 0.0792687 0.608737 0.0356321 0.0952396
1 0.487668 0.444031 0.0353219 0.091399
1 0.693956 0.443722 0.0327148 0.0908478
1 0.284505 0.60873 0.0357028 0.0958534
1 0.694119 0.274783 0.0316 0.094479
1 0.0785449 0.274238 0.0351561 0.0933555
1 0.282609 0.443257 0.0331227 0.0899053
1 0.283202 0.277287 0.0328848 0.0950302
1 0.283007 0.88642 0.0365773 0.0945723
1 0.489023 0.275704 0.034058 0.0912928
1 0.447773 0.885841 0.0400579 0.0944831
1 0.367977 0.884811 0.037459 0.0970578
1 0.405968 0.884074 0.0377531 0.0957553
