1 0.281819 0.77881 0.0328506 0.0923119
1 0.28385 0.434054 0.034765 0.107551
1 0.282867 0.276036 0.0315016 0.093303
1 0.282076 0.611438 0.0328134 0.0942521
1 0.0786056 0.779074 0.0373223 0.0950785
1 0.0782599 0.441845 0.0360708 0.0913613
1 0.405933 0.884737 0.0383782 0.097337
1 0.694011 0.607511 0.0328992 0.0921087
1 0.693366 0.443968 0.0332718 0.0876144
1 0.0793322 0.274401 0.0361269 0.0936513
1 0.48732 0.607611 0.0335213 0.0928517
1 0.487011 0.262762 0.0357143 0.114416
1 0.15929 0.884482 0.037618 0.0972719
