1 0.282166 0.77865 0.032138 0.0923275
1 0.283533 0.433698 0.0349883 0.108386
1 0.0783848 0.779004 0.0378932 0.0951165
1 0.282772 0.611397 0.0325478 0.0938963
1 0.0796064 0.607644 0.034588 0.0929282
1 0.283113 0.276186 0.031759 0.0938021
1 0.488381 0.443825 0.033672 0.0898583
1 0.0784065 0.441504 0.0365322 0.091617
1 0.693156 0.443392 0.0336632 0.0894341
1 0.693557 0.609283 0.0333581 0.0907811
1 0.487285 0.607753 0.0335814 0.0928382
1 0.486888 0.262589 0.0358873 0.115124
1 0.079119 0.274025 0.0361511 0.0934025
