1 0.0793889 0.607951 0.0356574 0.0941093
1 0.0785873 0.778654 0.0372929 0.0948635
1 0.282766 0.610978 0.0317963 0.0936598
1 0.283075 0.275575 0.0318545 0.0931911
1 0.488455 0.444115 0.0336751 0.0902327
1 0.694148 0.274568 0.0319182 0.0924882
1 0.0783142 0.442449 0.0365806 0.0929289
1 0.69456 0.608415 0.0331436 0.0925001
1 0.693516 0.443881 0.0334393 0.0898593
1 0.283694 0.433903 0.0345058 0.104688
1 0.0794687 0.274364 0.0360195 0.0936457
1 0.487024 0.262427 0.0364065 0.115621
1 0.488091 0.609441 0.0339968 0.0919287
