1 0.282169 0.77865 0.032142 0.0923236
1 0.28354 0.433711 0.0349924 0.108367
1 0.0783813 0.779002 0.0378941 0.095125
1 0.282731 0.611395 0.0326335 0.0939024
1 0.0795951 0.607635 0.0345987 0.0929355
1 0.28311 0.276168 0.0317848 0.0938528
1 0.48838 0.443824 0.0336767 0.0898533
1 0.0784131 0.441521 0.0365351 0.091637
1 0.693156 0.443391 0.0336597 0.0894246
1 0.693559 0.609279 0.0333487 0.0907896
1 0.487302 0.6077 0.0336168 0.0928578
1 0.486893 0.262732 0.0358715 0.114832
1 0.0791147 0.274024 0.0361655 0.0934146
