1 0.281819 0.778816 0.0328783 0.0923228
1 0.282872 0.275997 0.031498 0.0932328
1 0.283787 0.433979 0.0346632 0.107156
1 0.282042 0.611454 0.0329213 0.0943041
1 0.0785821 0.77908 0.0373588 0.0950602
1 0.488376 0.44381 0.0334607 0.0896303
1 0.406018 0.88425 0.038398 0.0983621
1 0.0782337 0.4418 0.0359757 0.0912867
1 0.079204 0.274396 0.0361278 0.0934006
1 0.69408 0.607596 0.0328573 0.091881
1 0.487396 0.60767 0.0335083 0.0928067
1 0.159395 0.884743 0.0377917 0.097069
1 0.487033 0.263541 0.0354708 0.112937
