1 0.0794685 0.607919 0.0354927 0.0940123
1 0.0786076 0.778674 0.0372446 0.0948832
1 0.283079 0.275566 0.0318738 0.0931939
1 0.282791 0.610971 0.0317409 0.0936494
1 0.488499 0.444036 0.0336241 0.0901762
1 0.694099 0.274475 0.0317987 0.0926631
1 0.0783104 0.442611 0.0366217 0.0932565
1 0.694526 0.608467 0.0332813 0.0927795
1 0.693472 0.443714 0.0335804 0.0897533
1 0.283747 0.433921 0.0343822 0.104667
1 0.0794464 0.274313 0.0360271 0.0936507
1 0.487064 0.262368 0.0363102 0.115652
1 0.488056 0.609271 0.0340282 0.0916943
